Datagen Time:  23.127941846847534
0.005803707 0.050542522
0.012435859 0.042915527
0.013680337 0.039412837
0.017249025 0.037566442
0.016972303 0.0365193
0.017473262 0.035696276
0.018482096 0.035146862
0.01771519 0.034173325
0.016722307 0.034244083
0.016339622 0.033312634
0.016707066 0.032928403
0.018957548 0.032008674
0.015744422 0.031924427
0.015879741 0.031587545
0.014990863 0.031267572
0.008495116 0.030720294
0.010991428 0.02986594
0.011417096 0.028864704
0.009521861 0.02843425
0.010765664 0.028703086
0.0086646285 0.02792544
0.0096715335 0.027292259
0.010144059 0.026474386
0.0064438363 0.025942499
0.008960269 0.025680933
0.006333584 0.024161914
0.006579045 0.024167985
0.007027895 0.023481222
0.0066563184 0.022829216
0.0059585585 0.022561641
0.0069868527 0.022209752
0.006933814 0.022027887
0.005093871 0.020287272
0.0062438212 0.020811971
0.0056311497 0.020035814
0.0056067444 0.01972216
0.005761776 0.019457646
0.005185363 0.01858658
0.0054903114 0.018270731
0.0043122373 0.017555537
0.005235425 0.01796364
0.0050471313 0.017614502
0.0050583794 0.017243646
0.0054507605 0.016920503
0.006261478 0.01676727
0.0058574793 0.016257081
0.005561213 0.016199376
0.00520335 0.0155297015
0.004884297 0.015362142
0.0049064984 0.014993828
0.0053151185 0.014779661
0.0051673623 0.015026541
0.004628027 0.014212446
0.005646132 0.014558569
0.0057996116 0.014209008
0.0049541825 0.014080052
0.0061544525 0.014282236
0.005382725 0.013573032
0.0058502415 0.0137859695
0.005842872 0.013195278
0.0051067444 0.012764177
0.005624817 0.013097249
0.004786537 0.012664098
0.0059955604 0.012991354
0.006507445 0.012729041
0.0056389347 0.012277012
0.0058625275 0.012540774
0.0049668 0.011976589
0.006193224 0.012282461
0.0061410423 0.01190867
0.004791259 0.011339134
0.005308684 0.011622045
0.0070135593 0.012262275
0.0053677373 0.011220406
0.0057831537 0.011340292
0.005670534 0.011210495
0.0050167954 0.010689179
0.0053788563 0.011236521
0.0049125864 0.010552069
0.005591821 0.010881062
0.005509632 0.010723179
0.0054024057 0.010511956
0.005511754 0.0106491335
0.0059222747 0.010811522
0.0052329907 0.010614012
0.0048746155 0.010330382
0.005601813 0.010595938
0.0049648834 0.009933023
0.0071910666 0.0112200305
0.006047874 0.010471543
0.0057365457 0.010065826
0.0054452727 0.010138632
0.005375405 0.0102007855
0.004986923 0.009852495
0.00481794 0.009839995
0.005124598 0.009898301
0.0051728226 0.009887004
0.0054030064 0.010069756
0.005176967 0.010078307
0.0059251487 0.010452398
