[1 2 3]
Datagen Time:  0.3340890407562256
0.0012770027 0.0061082705
0.001407949 0.0031325961
0.00023123685 0.0013598067
0.00020410347 0.000922892
0.00029649195 0.00078122783
0.00023575558 0.0006114419
0.00027610327 0.0006074287
0.00026660942 0.00052547985
0.00025648775 0.00047591992
0.00030063972 0.0004996878
0.0003281452 0.0004787944
0.00034311684 0.0005027188
0.00028238265 0.00041700626
0.0005208601 0.0006166588
0.00027917526 0.00038690143
0.00038661243 0.00049514044
0.0003967915 0.0004940737
0.0005047057 0.0005652906
0.00030544982 0.00037918598
0.00037698922 0.00044127676
0.00030612724 0.00039428961
0.00038614846 0.00045032322
0.0005431237 0.0006035129
0.00037260633 0.0004280585
0.00026633943 0.00031908829
0.00044925784 0.0005092306
0.0004047496 0.00047215735
0.00063196314 0.00067319756
0.00038198812 0.000431987
0.00035433302 0.0004081808
0.00040358258 0.00044786668
0.00035610015 0.00038972776
0.0004683862 0.0005083486
0.00047667453 0.00051148527
0.00032407304 0.00035213964
0.00047384854 0.0005151098
0.0003745559 0.00040574963
0.00037632865 0.00041259965
0.00047126334 0.0005005086
0.00078639376 0.00081346394
0.00055223115 0.0005734763
0.00040498946 0.00043672993
0.000537343 0.0005646654
0.0005942144 0.00062291406
0.00053072616 0.0005555912
0.0004645993 0.00048961607
0.00053254666 0.00055228046
0.0006147757 0.00063966063
0.0005034751 0.00053014
0.00040610484 0.00043505727
0.0004580975 0.00047636894
0.00067144283 0.00068745203
0.00034068027 0.00036358324
0.00088373927 0.00090211607
0.00045230196 0.0004769407
0.0005303224 0.00055138045
0.0004992195 0.0005188613
0.00062736165 0.00064850657
0.00046127336 0.00048449534
0.00084506866 0.0008545626
0.00056061044 0.00057688216
0.000401908 0.00041886626
0.0004528323 0.0004705768
0.00081123534 0.0008296406
0.00042491264 0.000445895
0.0003484675 0.00037179177
0.0003891492 0.00040539665
0.00045364248 0.00047041933
0.00049044634 0.0005075051
0.00048669984 0.00050024455
0.00060171995 0.0006208265
0.0004260366 0.00044928183
0.0008407723 0.00084843324
0.00044542341 0.00047018626
0.0006138603 0.00062813703
0.00035970417 0.00037562905
0.00084044423 0.00085065723
0.0005775837 0.0005937784
0.00055009476 0.00056204875
0.0005862321 0.0005978119
0.00048533292 0.00050087617
0.00058797875 0.0006058259
0.00047117792 0.00049089576
0.000669674 0.0006815664
0.00045326402 0.0004760522
0.0004946071 0.00050782226
0.00054538704 0.00056422385
0.00059057167 0.0006041622
0.000833932 0.00085245597
0.00042289792 0.00043664884
0.0005338071 0.00054566015
0.0007983882 0.0008031569
0.00052057405 0.0005394879
0.00034476165 0.00036489556
0.00055727805 0.0005751836
0.00052635395 0.00053825695
0.00045114325 0.00045855963
0.0006526691 0.00066298235
0.0003749724 0.0003863428
0.000437505 0.00045616025
