[1 2 3]
Datagen Time:  0.36629295349121094
0.0010058117 0.0069996123
0.00142527 0.0035165912
0.0013923285 0.0025288311
0.0011147604 0.0019262837
0.0006087453 0.001092135
0.00018328222 0.00087093946
0.0002282469 0.00057864457
0.00023667207 0.00045835215
0.00051398703 0.0007628511
0.0003176985 0.0005104834
0.0003258597 0.00052295486
0.00025205902 0.0004199522
0.00035256465 0.00047625124
0.00033782353 0.000538907
0.00027323744 0.00041284948
0.00033222605 0.00044322552
0.00019481787 0.0003091861
0.0003615037 0.000474343
0.00034298724 0.0004828383
0.0004212748 0.0005005643
0.0003522971 0.0004215461
0.0004679779 0.0005404229
0.00038620966 0.00044673178
0.000365101 0.00043584147
0.00036315402 0.00039846063
0.00030703354 0.000368183
0.0002169425 0.00030946388
0.0005252875 0.0005658056
0.00046706726 0.00051940646
0.00040150006 0.0004511245
0.0002754329 0.00032902815
0.00028284578 0.0003194069
0.00032565504 0.0003828967
0.00024362777 0.00029885833
0.00038945267 0.000431622
0.00030129403 0.00033219962
0.00055964245 0.0005873984
0.00050436636 0.00054872164
0.00033391977 0.00037228077
0.00038475555 0.00042762636
0.0002955941 0.000338573
0.00033343365 0.0003579677
0.00041407277 0.000457605
0.0005895118 0.00061695714
0.0003255023 0.00035860713
0.00046627922 0.00048636826
0.0003215457 0.0003372471
0.00043889534 0.00045964174
0.00068680977 0.000719334
0.0003036809 0.00033511745
0.0006223578 0.000646034
0.00080417754 0.000824652
0.00046009084 0.0004920915
0.00053484406 0.00056847295
0.00035768622 0.0003946982
0.00060607155 0.0006352326
0.00085762324 0.0008646359
0.00060299906 0.00061870454
0.0004853244 0.0005100415
0.0005562813 0.0005792048
0.0005074328 0.000540687
0.00040802767 0.00043193524
0.0004488001 0.00047458004
0.00032124747 0.00035104953
0.0003974476 0.00041338016
0.00068506744 0.0007019902
0.0005397337 0.00054806017
0.0005175199 0.00052776013
0.00061079755 0.0006234549
0.00048201095 0.00050398556
0.00041556408 0.00043903376
0.000530001 0.00054516795
0.00087961054 0.0008946409
0.00055111444 0.0005578814
0.0005814815 0.0006003447
0.0005073221 0.000529356
0.00053871906 0.00055264717
0.00046463043 0.00048305042
0.00046399827 0.00049069105
0.0007541815 0.0007705575
0.0006234006 0.00063089107
0.00055035215 0.00055918924
0.00073507434 0.0007420359
0.00056637917 0.00057646947
0.0005352099 0.00055709295
0.00044090988 0.0004622257
0.0005513568 0.0005635342
0.0003650914 0.00038565957
0.00062771834 0.00064034795
0.0005977553 0.00061172014
0.0004071994 0.00042177647
0.0005003143 0.00050783216
0.0004994797 0.0005108202
0.0004643376 0.00048375037
0.0004587223 0.00047350745
0.0005945235 0.00060883164
0.00044467172 0.0004588817
0.00062123284 0.0006401177
0.00050933263 0.0005236428
0.00046511454 0.00047499355
