Datagen Time:  9.290297985076904
0.0061970074 0.050544888
0.010117473 0.04275553
0.012617094 0.0403199
0.015850872 0.038033396
0.015654486 0.036915656
0.015170906 0.036273666
0.015764775 0.03527724
0.01586733 0.03422725
0.01468035 0.033817533
0.015382894 0.033204652
0.01548961 0.03269445
0.015519005 0.032281563
0.013752801 0.031605914
0.010650885 0.03171982
0.012445716 0.031200025
0.011500486 0.030349402
0.010210492 0.030047026
0.009098999 0.02946626
0.008424677 0.029019186
0.00828887 0.029025039
0.0104979 0.028546665
0.007207429 0.027222758
0.008956773 0.027013928
0.006939711 0.026240468
0.006029166 0.025846578
0.0054003345 0.024746276
0.0059476467 0.025033798
0.007166844 0.024150614
0.004665817 0.02353898
0.0037609488 0.022800993
0.005084962 0.021936497
0.0043613105 0.02149121
0.004996204 0.021118514
0.00412337 0.020818047
0.00484264 0.020802328
0.005180121 0.01973692
0.00423783 0.019180108
0.0041483566 0.01885606
0.0043087583 0.018191954
0.0052186144 0.018518012
0.005899408 0.018237675
0.0043406845 0.01750388
0.0045929076 0.017381381
0.005024049 0.017384157
0.004872467 0.016464384
0.004454821 0.016611967
0.0054158587 0.01662392
0.004762278 0.015700134
0.00405828 0.015573034
0.0052409777 0.015522184
0.004987913 0.015204171
0.0041146977 0.014574083
0.0050236774 0.015083352
0.004896025 0.0147284465
0.005121452 0.014612629
0.005153746 0.014029298
0.0040340554 0.013557099
0.0040978445 0.013582833
0.0053562634 0.013976781
0.0045714728 0.012968738
0.004696547 0.013117298
0.004472665 0.013004273
0.0046755546 0.013022409
0.0043577664 0.01258887
0.0048125647 0.012833836
0.004922501 0.012509428
0.0041260906 0.011778458
0.0043359837 0.012079307
0.0043294923 0.011548503
0.0051932144 0.011758124
0.0045703617 0.011762124
0.004161683 0.0113208
0.0045955013 0.011543138
0.004844333 0.011319699
0.004232973 0.011022763
0.0044732587 0.010937581
0.0044655963 0.010832607
0.0041308897 0.010511065
0.0045673037 0.010805339
0.004982531 0.010771826
0.004496873 0.010509261
0.0053463005 0.010798354
0.00457582 0.010343899
0.004383809 0.010526053
0.00465385 0.010367016
0.004738763 0.0099764345
0.0054812506 0.0105110835
0.0049643833 0.010311689
0.005597862 0.01041083
0.0049520824 0.010008663
0.0044450285 0.009780703
0.0046148524 0.009728923
0.004811653 0.009922314
0.004320225 0.009626629
0.0044447966 0.009563899
0.0046133213 0.009866073
0.0053299526 0.010364014
0.0048173303 0.009882764
0.0054887454 0.0104059
0.0049107885 0.010104712
